#ZMATRIX                   
#                          
H                          
O       1        0.95935   
C       2        1.44902     1      118.77660
C       3        1.51565     2      109.77510     1      175.00000
O       4        1.42159     3      111.12936     2      320.00000
C       4        1.54051     3      117.73836     5      118.01846
O       6        1.39391     4      112.03748     3       62.58704
C       6        1.53941     4       90.03892     3      180.66502
C       5        1.42739     4      106.03070     3      164.74641
C       4        1.54026     3      116.66205     5      236.54800
O       8        1.41639     6      103.07467     4      302.62073
H       3        1.09850     4      108.22029     5      170.49374
H       3        1.09762     4      108.17067     5       51.90955
H       9        1.09405     5      109.81257     4      118.20627
H       8        1.08713     6      119.22717     4      181.55563
H       6        1.09552     4      111.23163     3      295.66211
H      10        1.09353     4      111.17992     3       78.50705
H      10        1.09320     4      112.24301     3      314.42593
P       7        1.56703     6      103.04905     4      164.19925
S      19        1.47853     7      100.55890     6      146.25452
O      19        1.48053     7      127.11291     6       11.83068
O      19        1.59590     7       90.62256     6      256.60229
C      22        1.44902    19      118.77660     7      327.86658
C      23        1.51335    22      109.77510    19      213.86140
O      24        1.46168    23      108.67189    22      279.20557
C      24        1.52752    23      116.30496    22       36.44850
O      26        1.42212    24      112.26270    23      156.35577
C      26        1.52200    24      102.80810    23      273.68762
C      25        1.41517    24      109.79169    23      106.20667
H      23        1.09938    22      109.31868    19      333.94882
H      23        1.09925    22      109.45423    19       93.84885
H      24        1.09638    23      107.88402    22      159.06718
H      29        1.09982    25      109.77529    24      114.07815
H      28        1.10068    26      111.43212    24       83.93756
H      28        1.10089    26      111.17220    24      206.28999
H      26        1.10125    24      111.01739    23       32.97188
P      27        1.56703    26      103.04905    24      164.19925
S      37        1.47853    27      100.55890    26      146.25452
O      37        1.48053    27      127.11291    26       11.83068
O      37        1.59590    27       90.62256    26      256.60229
C      40        1.44902    37      118.77660    27      327.86658
C      41        1.51565    40      109.77510    37      175.00000
O      42        1.42159    41      111.12936    40      320.00000
C      42        1.54051    41      117.73836    43      118.01846
O      44        1.39391    42      112.03748    41       62.58704
C      44        1.53941    42       90.03892    41      180.66502
C      43        1.42739    42      106.03070    41      164.74641
C      42        1.54026    41      116.66205    43      236.54800
O      46        1.41639    44      103.07467    42      302.62073
H      41        1.09850    42      108.22029    43      170.49374
H      41        1.09762    42      108.17067    43       51.90955
H      47        1.09405    43      109.81257    42      118.20627
H      46        1.08713    44      119.22717    42      181.55563
H      44        1.09552    42      111.23163    41      295.66211
H      48        1.09353    42      111.17992    41       78.50705
H      48        1.09320    42      112.24301    41      314.42593
P      45        1.56703    44      103.04905    42      164.19925
S      57        1.47853    45      100.55890    44      146.25452
O      57        1.48053    45      127.11291    44       11.83068
O      57        1.59590    45       90.62256    44      256.60229
C      60        1.44902    57      118.77660    45      327.86658
C      61        1.51565    60      109.77510    57      175.00000
O      62        1.42159    61      111.12936    60      320.00000
C      62        1.54051    61      117.73836    63      118.01846
O      64        1.39391    62      112.03748    61       62.58704
C      64        1.53941    62       90.03892    61      180.66502
C      63        1.42739    62      106.03070    61      164.74641
C      62        1.54026    61      116.66205    63      236.54800
O      66        1.41639    64      103.07467    62      302.62073
H      61        1.09850    62      108.22029    63      170.49374
H      61        1.09762    62      108.17067    63       51.90955
H      67        1.09405    63      109.81257    62      118.20627
H      66        1.08713    64      119.22717    62      181.55563
H      64        1.09552    62      111.23163    61      295.66211
H      68        1.09353    62      111.17992    61       78.50705
H      68        1.09320    62      112.24301    61      314.42593
P      65        1.56703    64      103.04905    62      164.19925
S      77        1.47853    65      100.55890    64      146.25452
O      77        1.48053    65      127.11291    64       11.83068
O      77        1.59590    65       90.62256    64      256.60229
C      80        1.44902    77      118.77660    65      327.86658
C      81        1.51335    80      109.77510    77      213.86140
O      82        1.46168    81      108.67189    80      279.20557
C      82        1.52752    81      116.30496    80       36.44850
O      84        1.42212    82      112.26270    81      156.35577
C      84        1.52200    82      102.80810    81      273.68762
C      83        1.41517    82      109.79169    81      106.20667
H      81        1.09938    80      109.31868    77      333.94882
H      81        1.09925    80      109.45423    77       93.84885
H      82        1.09638    81      107.88402    80      159.06718
H      87        1.09982    83      109.77529    82      114.07815
H      86        1.10068    84      111.43212    82       83.93756
H      86        1.10089    84      111.17220    82      206.28999
H      84        1.10125    82      111.01739    81       32.97188
H      85        0.95935    84      109.38220    82       51.44904
N       9        1.48688     5      107.84238     4      232.31857
C      96        1.37795     9      117.37440     5      262.14230
O      97        1.21728    96      122.71194     9        0.03124
N      97        1.38184    96      115.25611     9      179.95090
C      99        1.37330    97      126.63024    96        0.20298
O     100        1.23702    99      120.80598    97      179.92276
C     100        1.44265    99      114.29504    97        0.01731
C     102        1.49828   100      116.13030    99      180.33443
C     102        1.34855   100      120.76651    99      359.64172
H     104        1.08982   102      119.49581   100      180.44119
H     103        1.10075   102      109.57018   100      258.95032
H     103        1.09885   102      109.49982   100      138.75101
H     103        1.10086   102      109.45650   100       18.74006
H      99        1.00006    97      116.59310    96      180.15356
N      29        1.48688    25      107.84238    24      232.31857
C     110        1.39104    29      118.05937    25      262.19427
O     111        1.23975   110      118.87896    29      359.76614
N     111        1.51013   110      113.72310    29      180.46983
C     113        1.14692   111      123.01232   110      358.71582
N     114        1.32591   113      115.43867   111      180.74506
C     114        1.43010   113      124.43426   111        1.65854
C     116        1.49828   114      116.13030   113      180.33443
C     116        1.35977   114      116.69092   113      358.71906
H     118        1.08840   116      119.48642   114      180.52263
H     117        1.10075   116      109.57018   114      258.95032
H     117        1.09885   116      109.49982   114      138.75101
H     117        1.10086   116      109.45650   114       18.74006
H     115        1.03054   114      119.94855   113        0.23466
H     115        1.02935   114      119.97346   113      180.23909
N      47        1.48610    43      107.84262    42      232.34404
C     125        1.38038    47      129.20352    43       82.30471
N     126        1.30721   125      114.10223    47      179.86859
C     127        1.39533   126      104.04606   125        0.15864
C     128        1.41385   127      130.25380   126      179.85847
O     129        1.22987   128      129.11388   127      359.98938
N     129        1.40682   128      111.43082   127      179.88905
C     131        1.37956   129      125.04687   128      359.68509
N     132        1.33499   131      116.20837   129      180.25052
N     132        1.33061   131      123.60091   129        0.75571
C     134        1.35997   132      112.31204   131      359.44467
H     126        1.08979   125      122.92407   135      179.89224
H     131        1.00012   129      117.47555   128      179.72095
H     133        1.03031   132      120.11494   131      180.49281
H     133        1.03151   132      120.05082   131        0.51010
N      67        1.48688    63      107.84238    62      232.31857
C     140        1.37795    67      117.37440    63      262.14230
O     141        1.21728   140      122.71194    67        0.03124
N     141        1.38184   140      115.25611    67      179.95090
C     143        1.37330   141      126.63024   140        0.20298
O     144        1.23702   143      120.80598   141      179.92276
C     144        1.44265   143      114.29504   141        0.01731
C     146        1.49828   144      116.13030   143      180.33443
C     146        1.34855   144      120.76651   143      359.64172
H     148        1.08982   146      119.49581   144      180.44119
H     147        1.10075   146      109.57018   144      258.95032
H     147        1.09885   146      109.49982   144      138.75101
H     147        1.10086   146      109.45650   144       18.74006
H     143        1.00006   141      116.59310   140      180.15356
N      87        1.48688    83      107.84238    82      232.31857
C     154        1.39104    87      118.05937    83      262.19427
O     155        1.23975   154      118.87896    87      359.76614
N     155        1.51013   154      113.72310    87      180.46983
C     157        1.14692   155      123.01232   154      358.71582
N     158        1.32591   157      115.43867   155      180.74506
C     158        1.43010   157      124.43426   155        1.65854
C     160        1.49828   158      116.13030   157      180.33443
C     160        1.35977   158      116.69092   157      358.71906
H     162        1.08840   160      119.48642   158      180.52263
H     161        1.10075   160      109.57018   158      258.95032
H     161        1.09885   160      109.49982   158      138.75101
H     161        1.10086   160      109.45650   158       18.74006
H     159        1.03054   158      119.94855   157        0.23466
H     159        1.02935   158      119.97346   157      180.23909
